1 0.317647 0.680280 0.040724 0.052509
1 0.231448 0.800467 0.042986 0.059510
0 0.189367 0.535006 0.036652 0.040840
0 0.150905 0.473162 0.039367 0.043174
1 0.072851 0.380105 0.035294 0.047258
1 0.378054 0.822637 0.052941 0.065344
1 0.566290 0.721704 0.037557 0.049008
1 0.598190 0.789382 0.031674 0.044341
1 0.503846 0.805426 0.044796 0.046091
1 0.680995 0.881272 0.042534 0.053092
1 0.827828 0.821762 0.037557 0.049592
1 0.885294 0.670945 0.036652 0.044341
1 0.864932 0.810385 0.032127 0.045508
1 0.809955 0.956826 0.047964 0.052509
1 0.397059 0.644982 0.037557 0.047258
1 0.123982 0.380980 0.028959 0.040840
1 0.175566 0.405776 0.028054 0.030922
1 0.188009 0.321470 0.029412 0.032672
0 0.204751 0.257876 0.027602 0.038506
1 0.167195 0.175904 0.023982 0.026254
0 0.312670 0.282380 0.019910 0.030338
1 0.301584 0.371937 0.029412 0.035589
0 0.318100 0.418611 0.029864 0.028588
1 0.279864 0.537631 0.037557 0.041424
1 0.308824 0.500583 0.033032 0.052509
1 0.383484 0.438156 0.033032 0.042007
1 0.446154 0.427071 0.023529 0.039673
1 0.502941 0.464702 0.026697 0.037923
1 0.375566 0.360560 0.025339 0.033839
1 0.406787 0.305426 0.026244 0.035589
0 0.391176 0.260502 0.026697 0.034422
0 0.349774 0.271295 0.021719 0.030338
0 0.272851 0.242999 0.019005 0.022754
1 0.329864 0.167445 0.022624 0.026838
1 0.301810 0.242124 0.019005 0.028005
1 0.377828 0.568553 0.031674 0.040257
1 0.466516 0.564469 0.027149 0.041424
1 0.454977 0.524796 0.027602 0.035589
1 0.583258 0.533547 0.032579 0.037923
1 0.672398 0.577013 0.030769 0.044341
1 0.700000 0.512252 0.022624 0.037340
1 0.895701 0.613769 0.023982 0.043174
1 0.855430 0.475496 0.024887 0.044341
1 0.898190 0.442824 0.023529 0.033839
1 0.804977 0.410735 0.019005 0.029172
1 0.852262 0.432322 0.027602 0.028005
1 0.836199 0.396149 0.020814 0.037340
1 0.772624 0.344516 0.027602 0.030922
1 0.642986 0.366103 0.018100 0.028588
1 0.579412 0.352100 0.024887 0.033256
1 0.536425 0.289382 0.024887 0.036173
1 0.480543 0.348600 0.030769 0.043757
1 0.503394 0.387981 0.024887 0.037340
1 0.546154 0.406943 0.031674 0.044924
1 0.604977 0.434072 0.029864 0.036173
1 0.569231 0.387981 0.027149 0.031505
1 0.441629 0.241249 0.025339 0.037923
1 0.718778 0.467036 0.026697 0.040257
1 0.664480 0.439323 0.022172 0.035006
1 0.722172 0.304551 0.021719 0.029172
1 0.645701 0.274504 0.017195 0.026254
1 0.540498 0.209160 0.023077 0.028588
1 0.482805 0.171237 0.021719 0.033256
0 0.752262 0.259918 0.020362 0.035589
1 0.847964 0.345683 0.019005 0.034422
1 0.827828 0.299300 0.016742 0.031505
1 0.866742 0.310093 0.018552 0.030922
1 0.217873 0.062135 0.018552 0.023921
1 0.382805 0.137398 0.018100 0.023921
1 0.364027 0.157235 0.019457 0.025088
1 0.435747 0.720828 0.024434 0.043757
1 0.101357 0.574096 0.029864 0.038506
1 0.376697 0.628646 0.030317 0.039090
1 0.684163 0.478413 0.030769 0.039673
1 0.419910 0.119603 0.023529 0.030338
1 0.429186 0.086056 0.016742 0.021587
1 0.450226 0.133606 0.019910 0.025671
1 0.477149 0.125729 0.020362 0.026254
0 0.458371 0.173862 0.020814 0.026838
1 0.526018 0.150817 0.016742 0.021587
1 0.513575 0.103267 0.016290 0.021004
1 0.578054 0.191657 0.021267 0.027421
1 0.614480 0.162777 0.020814 0.026838
1 0.593439 0.133897 0.020362 0.026254
1 0.698416 0.188156 0.019457 0.025088
1 0.667873 0.196033 0.020814 0.026838
1 0.668326 0.134772 0.018100 0.023337
1 0.728281 0.212077 0.019457 0.025088
0 0.848869 0.243291 0.017195 0.022170
1 0.832127 0.221120 0.019910 0.025671
1 0.900226 0.237165 0.018552 0.023921
1 0.959729 0.214119 0.019005 0.024504
0 0.879638 0.208868 0.017195 0.022170
1 0.975113 0.281214 0.018100 0.023337
0 0.988009 0.254084 0.015837 0.020420
1 0.941403 0.334597 0.023077 0.029755
1 0.889367 0.399358 0.017647 0.022754
1 0.932127 0.226371 0.020814 0.026838
1 0.274208 0.267211 0.022624 0.029172
1 0.793665 0.164527 0.022624 0.029172
0 0.697059 0.245333 0.021267 0.027421
0 0.664480 0.263419 0.022172 0.028588
1 0.749774 0.232205 0.022624 0.029172
