0 0.09125 0.30337078651685395 0.0575 0.0898876404494382
1 0.24375 0.36142322097378277 0.0475 0.07116104868913858
0 0.34625 0.27153558052434457 0.0525 0.08614232209737828
0 0.36875 0.6853932584269663 0.10250000000000001 0.1947565543071161
0 0.41000000000000003 0.47752808988764045 0.085 0.1310861423220974
0 0.535 0.25842696629213485 0.03 0.0599250936329588
0 0.6175 0.4363295880149813 0.09 0.15355805243445694
1 0.675 0.20786516853932585 0.035 0.07116104868913858
0 0.6975 0.3071161048689139 0.045 0.0749063670411985
0 0.77375 0.45131086142322097 0.0575 0.09363295880149813
0 0.795 0.28277153558052437 0.05 0.07865168539325842
0 0.89375 0.5280898876404494 0.11750000000000001 0.16479400749063672
0 0.93125 0.21348314606741572 0.0375 0.0599250936329588
0 0.875 0.21722846441947566 0.04 0.06741573033707865
0 0.03 0.6123595505617978 0.055 0.11610486891385768
