0 0.08625000000000001 0.27142857142857146 0.0425 0.08571428571428572
0 0.1675 0.31836734693877555 0.05 0.07346938775510205
0 0.30125 0.23673469387755103 0.0275 0.05714285714285715
0 0.35625 0.2979591836734694 0.0475 0.0979591836734694
0 0.3725 0.23877551020408166 0.03 0.06122448979591837
0 0.40750000000000003 0.2795918367346939 0.04 0.07755102040816328
0 0.455 0.47755102040816333 0.05 0.0816326530612245
0 0.435 0.2571428571428572 0.015 0.05714285714285715
0 0.47875 0.2755102040816327 0.0275 0.06122448979591837
0 0.5275 0.27142857142857146 0.03 0.06938775510204082
0 0.56125 0.27755102040816326 0.0425 0.0816326530612245
0 0.61375 0.30612244897959184 0.0375 0.0653061224489796
0 0.65125 0.33265306122448984 0.0375 0.07755102040816328
0 0.71375 0.35510204081632657 0.0525 0.0816326530612245
0 0.7212500000000001 0.21836734693877552 0.0225 0.05306122448979592
0 0.77 0.25918367346938775 0.035 0.06938775510204082
2 0.8075 0.25918367346938775 0.035 0.06122448979591837
0 0.84 0.2510204081632653 0.02 0.04489795918367347
0 0.8825000000000001 0.24081632653061227 0.04 0.0653061224489796
0 0.93875 0.25918367346938775 0.0475 0.07755102040816328
