0 0.09125 0.8300000000000001 0.0625 0.08666666666666667
0 0.22125 0.8300000000000001 0.0575 0.08666666666666667
0 0.3325 0.8583333333333334 0.055 0.08333333333333334
0 0.50625 0.9033333333333334 0.0675 0.08666666666666667
0 0.79625 0.77 0.0625 0.07333333333333333
0 0.9550000000000001 0.8383333333333334 0.055 0.05
0 0.66625 0.6616666666666667 0.0575 0.07666666666666667
0 0.8512500000000001 0.51 0.0475 0.060000000000000005
0 0.9812500000000001 0.5716666666666667 0.0325 0.06333333333333334
0 0.7212500000000001 0.5066666666666667 0.0375 0.05333333333333334
0 0.545 0.6816666666666668 0.055 0.07
0 0.41000000000000003 0.6483333333333334 0.055 0.07
0 0.2275 0.5916666666666667 0.03 0.07666666666666667
0 0.19 0.5766666666666667 0.055 0.08
0 0.1225 0.5733333333333334 0.05 0.07333333333333333
0 0.015 0.5466666666666667 0.025 0.07333333333333333
0 0.0225 0.395 0.04 0.043333333333333335
0 0.1325 0.39333333333333337 0.045 0.060000000000000005
0 0.265 0.4316666666666667 0.04 0.05666666666666667
0 0.34500000000000003 0.42333333333333334 0.045 0.060000000000000005
0 0.47125 0.48333333333333334 0.0525 0.060000000000000005
0 0.5725 0.4966666666666667 0.05 0.060000000000000005
0 0.96625 0.3566666666666667 0.0425 0.060000000000000005
0 0.81625 0.32 0.0275 0.060000000000000005
0 0.725 0.30833333333333335 0.04 0.06333333333333334
0 0.6525 0.3066666666666667 0.045 0.04666666666666667
0 0.54 0.25333333333333335 0.04 0.060000000000000005
0 0.485 0.26 0.035 0.060000000000000005
0 0.375 0.21666666666666667 0.035 0.060000000000000005
0 0.29375 0.23333333333333334 0.0325 0.05333333333333334
0 0.18125 0.2066666666666667 0.0325 0.05333333333333334
0 0.08750000000000001 0.20500000000000002 0.04 0.06333333333333334
0 0.02125 0.195 0.0375 0.05666666666666667
0 0.02 0.1 0.03 0.04666666666666667
0 0.11875000000000001 0.10666666666666667 0.0225 0.04666666666666667
0 0.20875 0.14333333333333334 0.0325 0.05333333333333334
0 0.335 0.14833333333333334 0.03 0.05666666666666667
0 0.48625 0.12166666666666667 0.0275 0.05666666666666667
0 0.5750000000000001 0.15333333333333335 0.035 0.060000000000000005
0 0.6975 0.18333333333333335 0.035 0.060000000000000005
0 0.79 0.16166666666666668 0.04 0.06333333333333334
0 0.9025 0.195 0.035 0.05666666666666667
0 0.9875 0.21333333333333335 0.025 0.060000000000000005
0 0.8175 0.06333333333333334 0.03 0.04666666666666667
0 0.7425 0.07166666666666667 0.035 0.05
0 0.64375 0.065 0.0325 0.05666666666666667
0 0.6 0.023333333333333334 0.025 0.04
0 0.51625 0.060000000000000005 0.0325 0.04666666666666667
0 0.44875 0.06333333333333334 0.0325 0.04
0 0.38125000000000003 0.05 0.0325 0.04666666666666667
0 0.29375 0.03333333333333333 0.0375 0.04666666666666667
0 0.1775 0.055 0.025 0.03666666666666667
0 0.1125 0.02666666666666667 0.025 0.04666666666666667
