2 0.13875 0.17555555555555555 0.0675 0.1111111111111111
2 0.34500000000000003 0.05555555555555555 0.03 0.06666666666666667
2 0.495 0.07555555555555556 0.035 0.07111111111111111
0 0.53625 0.11777777777777777 0.0525 0.1111111111111111
2 0.385 0.19777777777777777 0.06 0.09333333333333334
0 0.36375 0.35333333333333333 0.0775 0.14666666666666667
2 0.20125 0.3688888888888889 0.0625 0.07111111111111111
1 0.12375 0.8022222222222222 0.0675 0.12
1 0.31 0.48 0.075 0.1511111111111111
1 0.47750000000000004 0.44 0.11 0.19555555555555557
2 0.62875 0.2222222222222222 0.0425 0.08
0 0.6725 0.2577777777777778 0.065 0.12444444444444444
0 0.865 0.2688888888888889 0.095 0.17333333333333334
0 0.71625 0.6977777777777778 0.11750000000000001 0.2222222222222222
