2 0.11 0.0898876404494382 0.04 0.06741573033707865
2 0.17875 0.21722846441947566 0.0475 0.06741573033707865
2 0.16875 0.3764044943820225 0.0525 0.07865168539325842
0 0.1375 0.552434456928839 0.05 0.07116104868913858
2 0.47375 0.15355805243445694 0.0425 0.06741573033707865
0 0.43 0.3071161048689139 0.05 0.06741573033707865
0 0.47125 0.4044943820224719 0.0475 0.06741573033707865
0 0.44625000000000004 0.5786516853932584 0.0525 0.07865168539325842
0 0.7425 0.0655430711610487 0.045 0.06367041198501873
0 0.8225 0.16666666666666666 0.05 0.06367041198501873
2 0.80875 0.29213483146067415 0.0425 0.052434456928838954
2 0.705 0.4288389513108614 0.045 0.07116104868913858
0 0.795 0.6273408239700374 0.05 0.04119850187265918
