2 0.125 0.3047619047619048 0.065 0.13333333333333336
2 0.18875 0.4285714285714286 0.0625 0.10476190476190478
2 0.19375 0.6023809523809525 0.0675 0.1380952380952381
2 0.25 0.2761904761904762 0.06 0.13333333333333336
2 0.3375 0.5523809523809524 0.075 0.1619047619047619
0 0.4475 0.5833333333333334 0.09 0.19523809523809527
2 0.5425 0.30952380952380953 0.055 0.13333333333333336
2 0.60875 0.6690476190476191 0.0825 0.15714285714285717
2 0.6225 0.5 0.065 0.13333333333333336
0 0.885 0.6452380952380953 0.08 0.18571428571428572
2 0.9625 0.3595238095238096 0.055 0.11904761904761905
2 0.6950000000000001 0.15714285714285717 0.055 0.10476190476190478
2 0.88125 0.20714285714285716 0.0425 0.08095238095238096
2 0.485 0.28095238095238095 0.055 0.09523809523809525
