0 0.0475 0.2690763052208835 0.05 0.09638554216867469
0 0.11 0.24899598393574296 0.06 0.09638554216867469
0 0.2775 0.1506024096385542 0.045 0.09236947791164658
0 0.24 0.34538152610441764 0.045 0.10441767068273092
0 0.3175 0.3032128514056225 0.05 0.1004016064257028
0 0.39875 0.3132530120481927 0.0575 0.10441767068273092
0 0.44875 0.23493975903614456 0.0575 0.09236947791164658
0 0.51375 0.28714859437751 0.0575 0.1004016064257028
0 0.5725 0.25301204819277107 0.06 0.10441767068273092
0 0.6950000000000001 0.28112449799196787 0.05 0.08835341365461846
0 0.74875 0.2891566265060241 0.0425 0.10441767068273092
0 0.84 0.25301204819277107 0.065 0.11244979919678713
0 0.9450000000000001 0.24096385542168672 0.06 0.10441767068273092
0 0.34375 0.2008032128514056 0.0525 0.08835341365461846
0 0.9912500000000001 0.38554216867469876 0.0225 0.08032128514056225
