1 0.542108 0.372232 0.064427 0.084979
1 0.647492 0.479952 0.062586 0.074207
1 0.780028 0.348893 0.061666 0.098145
1 0.702715 0.315081 0.067188 0.086774
1 0.518408 0.694494 0.075932 0.098743
1 0.495858 0.614901 0.077773 0.092759
1 0.335021 0.695392 0.073631 0.094554
1 0.070640 0.525733 0.085136 0.111909
1 0.154855 0.493417 0.063967 0.102334
1 0.203636 0.456912 0.052002 0.101137
0 0.202255 0.255835 0.060285 0.072412
1 0.206397 0.151706 0.055683 0.080790
1 0.370686 0.162777 0.058445 0.077798
1 0.565347 0.246559 0.073171 0.094554
1 0.883111 0.465589 0.064427 0.089767
1 0.852508 0.338121 0.048320 0.061041
1 0.339162 0.338420 0.063507 0.095153
1 0.858491 0.700479 0.080534 0.098743
