0 0.051250000000000004 0.27586206896551724 0.0475 0.06896551724137931
0 0.1875 0.2528735632183908 0.04 0.06130268199233716
0 0.2675 0.2586206896551724 0.035 0.06513409961685823
0 0.41000000000000003 0.24329501915708812 0.04 0.06513409961685823
0 0.455 0.23371647509578544 0.03 0.053639846743295014
0 0.49 0.22988505747126436 0.03 0.06130268199233716
0 0.52375 0.17241379310344826 0.0325 0.038314176245210725
0 0.51375 0.2835249042145594 0.0375 0.06130268199233716
0 0.57875 0.3544061302681992 0.0575 0.08812260536398467
2 0.675 0.21264367816091953 0.045 0.07279693486590037
0 0.6950000000000001 0.37547892720306514 0.06 0.10727969348659003
0 0.81125 0.18773946360153257 0.0375 0.06130268199233716
0 0.80375 0.3486590038314176 0.0525 0.06896551724137931
0 0.92 0.4559386973180076 0.08 0.13793103448275862
2 0.8675 0.42528735632183906 0.035 0.07662835249042145
