2 0.1325 0.9102040816326531 0.045 0.0653061224489796
2 0.03 0.6775510204081633 0.04 0.0653061224489796
2 0.15125 0.6857142857142857 0.0375 0.0653061224489796
2 0.045 0.5755102040816327 0.035 0.05714285714285715
2 0.16625 0.5346938775510205 0.0425 0.0653061224489796
2 0.058750000000000004 0.4387755102040817 0.0375 0.06122448979591837
2 0.165 0.4408163265306123 0.035 0.04081632653061225
2 0.20375000000000001 0.38775510204081637 0.0325 0.0489795918367347
2 0.06625 0.29183673469387755 0.0325 0.05306122448979592
2 0.09875 0.24285714285714288 0.0275 0.036734693877551024
2 0.2125 0.2612244897959184 0.035 0.05714285714285715
2 0.12 0.11836734693877551 0.03 0.0489795918367347
2 0.21 0.1346938775510204 0.035 0.05714285714285715
2 0.22875 0.0673469387755102 0.0325 0.04489795918367347
2 0.39625 0.12653061224489798 0.0175 0.04081632653061225
0 0.47250000000000003 0.11224489795918369 0.02 0.04489795918367347
0 0.51875 0.0979591836734694 0.0225 0.04081632653061225
2 0.455 0.14489795918367349 0.03 0.04489795918367347
2 0.45875 0.20204081632653062 0.0275 0.04489795918367347
0 0.43875000000000003 0.3020408163265306 0.0275 0.04081632653061225
2 0.47500000000000003 0.35306122448979593 0.02 0.04489795918367347
2 0.45375 0.40408163265306124 0.0225 0.0489795918367347
2 0.4575 0.4918367346938776 0.03 0.05306122448979592
2 0.43375 0.5836734693877551 0.0375 0.05714285714285715
2 0.46875 0.6591836734693878 0.0325 0.04489795918367347
2 0.47750000000000004 0.8408163265306123 0.035 0.04081632653061225
2 0.49375 0.9326530612244899 0.0425 0.06938775510204082
2 0.4625 0.916326530612245 0.015 0.04489795918367347
0 0.52375 0.44489795918367353 0.0325 0.0489795918367347
2 0.555 0.48775510204081635 0.035 0.06122448979591837
2 0.5625 0.3938775510204082 0.035 0.05306122448979592
2 0.535 0.38775510204081637 0.025 0.0489795918367347
2 0.52625 0.21020408163265308 0.0175 0.036734693877551024
2 0.5475 0.2326530612244898 0.03 0.0489795918367347
2 0.5825 0.11224489795918369 0.025 0.04489795918367347
2 0.59 0.25306122448979596 0.03 0.0489795918367347
2 0.6375000000000001 0.24285714285714288 0.025 0.036734693877551024
2 0.63875 0.35102040816326535 0.0325 0.0489795918367347
2 0.6175 0.526530612244898 0.03 0.04081632653061225
2 0.56375 0.6734693877551021 0.0275 0.05714285714285715
2 0.6 0.7224489795918368 0.035 0.05714285714285715
2 0.64375 0.7183673469387756 0.0325 0.05714285714285715
2 0.65 0.5510204081632654 0.035 0.05714285714285715
2 0.64 0.942857142857143 0.03 0.05714285714285715
2 0.61875 0.15510204081632656 0.0275 0.04081632653061225
2 0.6587500000000001 0.12653061224489798 0.0175 0.04081632653061225
2 0.64875 0.07346938775510205 0.0225 0.0326530612244898
2 0.71625 0.1 0.0225 0.036734693877551024
2 0.6900000000000001 0.1326530612244898 0.025 0.028571428571428574
2 0.72 0.17755102040816328 0.03 0.036734693877551024
2 0.7075 0.27755102040816326 0.035 0.04081632653061225
2 0.7312500000000001 0.25510204081632654 0.0125 0.04489795918367347
2 0.70125 0.3755102040816327 0.0325 0.04081632653061225
2 0.7312500000000001 0.42244897959183675 0.0325 0.05306122448979592
2 0.75625 0.43061224489795924 0.0175 0.04489795918367347
2 0.74375 0.5326530612244899 0.0325 0.05306122448979592
2 0.73625 0.6714285714285715 0.0375 0.04489795918367347
2 0.77 0.806122448979592 0.035 0.05306122448979592
2 0.78625 0.8775510204081634 0.0225 0.0326530612244898
2 0.8025 0.9693877551020409 0.035 0.05306122448979592
2 0.76125 0.10408163265306124 0.0175 0.028571428571428574
