2 0.0225 0.21666666666666667 0.035 0.060000000000000005
2 0.06875 0.18833333333333335 0.0475 0.07
2 0.13125 0.18000000000000002 0.0325 0.05333333333333334
2 0.13625 0.2366666666666667 0.0225 0.07333333333333333
2 0.06375 0.39333333333333337 0.0325 0.060000000000000005
0 0.09375 0.515 0.0575 0.09666666666666668
1 0.1475 0.625 0.06 0.10333333333333335
2 0.28500000000000003 0.9550000000000001 0.085 0.09000000000000001
2 0.28500000000000003 0.04833333333333334 0.03 0.05
2 0.2975 0.165 0.04 0.07
2 0.34875 0.2066666666666667 0.0325 0.07333333333333333
2 0.3825 0.22 0.03 0.07333333333333333
2 0.26375 0.38 0.0425 0.06666666666666667
0 0.33375 0.5383333333333333 0.0475 0.09000000000000001
0 0.41625 0.5333333333333333 0.0425 0.08666666666666667
2 0.49875 0.20833333333333334 0.0325 0.05666666666666667
2 0.5337500000000001 0.21000000000000002 0.0275 0.060000000000000005
0 0.5875 0.26166666666666666 0.03 0.09666666666666668
2 0.675 0.13166666666666668 0.045 0.09000000000000001
2 0.7575000000000001 0.16166666666666668 0.035 0.06333333333333334
0 0.88625 0.15833333333333335 0.0525 0.09000000000000001
0 0.8725 0.31333333333333335 0.05 0.11333333333333334
2 0.28750000000000003 0.05333333333333334 0.035 0.04
