0 0.23125 0.34090909090909094 0.0575 0.10606060606060606
0 0.3025 0.2601010101010101 0.075 0.14646464646464646
0 0.40875 0.3661616161616162 0.0675 0.14646464646464646
0 0.35625 0.6666666666666667 0.0625 0.14141414141414144
0 0.46875 0.23484848484848486 0.0475 0.12626262626262627
0 0.5337500000000001 0.1994949494949495 0.0475 0.11616161616161617
0 0.48125 0.8737373737373738 0.0625 0.13131313131313133
0 0.735 0.25252525252525254 0.075 0.16161616161616163
0 0.905 0.07575757575757576 0.075 0.14141414141414144
0 0.97 0.1186868686868687 0.06 0.16666666666666669
