0 0.34875 0.7809734513274336 0.1125 0.2079646017699115
0 0.53125 0.13495575221238937 0.0425 0.09292035398230089
2 0.73625 0.1261061946902655 0.0625 0.10176991150442477
0 0.63375 0.3805309734513274 0.0525 0.10619469026548672
2 0.28375 0.0663716814159292 0.0175 0.035398230088495575
2 0.33625 0.07964601769911504 0.0175 0.035398230088495575
2 0.425 0.050884955752212385 0.02 0.030973451327433628
0 0.81875 0.18805309734513273 0.0275 0.03982300884955752
0 0.68375 0.0663716814159292 0.0225 0.04424778761061947
2 0.59125 0.048672566371681415 0.0175 0.04424778761061947
2 0.61875 0.017699115044247787 0.0125 0.02654867256637168
0 0.37375 0.1172566371681416 0.0225 0.048672566371681415
0 0.37125 0.1836283185840708 0.0375 0.10176991150442477
