0 0.5375 0.42500000000000004 0.04 0.05
0 0.7837500000000001 0.48500000000000004 0.0375 0.043333333333333335
2 0.8775000000000001 0.49333333333333335 0.04 0.04666666666666667
2 0.71875 0.44833333333333336 0.0375 0.043333333333333335
2 0.6575 0.4133333333333334 0.035 0.04
2 0.47125 0.41833333333333333 0.0325 0.05
2 0.3675 0.41000000000000003 0.04 0.04666666666666667
2 0.44375000000000003 0.39666666666666667 0.0325 0.04
1 0.20125 0.405 0.0425 0.05
1 0.28375 0.405 0.0325 0.05
1 0.25125000000000003 0.56 0.0325 0.04666666666666667
1 0.6175 0.4316666666666667 0.04 0.05
0 0.0725 0.4416666666666667 0.02 0.030000000000000002
2 0.84375 0.46 0.0225 0.02666666666666667
