0 0.13 0.05035971223021583 0.015 0.02158273381294964
0 0.09 0.20143884892086333 0.02 0.02877697841726619
2 0.14125000000000001 0.29136690647482016 0.0225 0.03597122302158273
0 0.13125 0.3723021582733813 0.0275 0.03956834532374101
0 0.17875 0.37949640287769787 0.0175 0.03956834532374101
0 0.0175 0.4838129496402878 0.025 0.03956834532374101
0 0.0725 0.46582733812949645 0.025 0.03237410071942446
0 0.1325 0.47661870503597126 0.03 0.03956834532374101
2 0.11375 0.5737410071942446 0.0275 0.03956834532374101
0 0.07625 0.7068345323741008 0.0275 0.03237410071942446
2 0.16125 0.6348920863309353 0.0225 0.03956834532374101
0 0.36375 0.019784172661870505 0.0175 0.025179856115107917
0 0.35375 0.059352517985611516 0.0225 0.03237410071942446
0 0.3175 0.09532374100719425 0.015 0.025179856115107917
0 0.3025 0.1223021582733813 0.015 0.02877697841726619
0 0.2675 0.1510791366906475 0.02 0.02877697841726619
0 0.24625 0.24100719424460432 0.0175 0.02158273381294964
2 0.21375 0.2517985611510791 0.0175 0.02158273381294964
0 0.22375 0.28597122302158273 0.0175 0.025179856115107917
2 0.2675 0.29136690647482016 0.02 0.02877697841726619
0 0.265 0.4046762589928058 0.02 0.03237410071942446
2 0.28625 0.45323741007194246 0.0175 0.02877697841726619
1 0.29125 0.564748201438849 0.0275 0.04316546762589928
0 0.2625 0.6151079136690648 0.03 0.04316546762589928
0 0.32625 0.7805755395683454 0.0325 0.05035971223021583
0 0.24625 0.9514388489208634 0.0375 0.053956834532374105
0 0.455 0.019784172661870505 0.01 0.017985611510791366
0 0.42 0.059352517985611516 0.015 0.025179856115107917
0 0.39375 0.07194244604316546 0.0175 0.02158273381294964
2 0.40375 0.12050359712230216 0.0125 0.025179856115107917
0 0.4325 0.10971223021582735 0.02 0.03237410071942446
0 0.32625 0.21043165467625902 0.0175 0.025179856115107917
0 0.39875 0.20863309352517986 0.0175 0.02877697841726619
2 0.34750000000000003 0.24280575539568347 0.02 0.03237410071942446
2 0.30125 0.2733812949640288 0.0175 0.02877697841726619
0 0.36875 0.2967625899280576 0.0225 0.03237410071942446
0 0.34375 0.3723021582733813 0.0225 0.025179856115107917
0 0.455 0.329136690647482 0.02 0.03237410071942446
0 0.4225 0.37410071942446044 0.025 0.02877697841726619
0 0.3575 0.46402877697841727 0.02 0.03597122302158273
0 0.43375 0.4352517985611511 0.0225 0.03597122302158273
0 0.3775 0.6258992805755396 0.025 0.04316546762589928
0 0.3825 0.7014388489208634 0.025 0.04316546762589928
0 0.41125 0.7140287769784173 0.0275 0.046762589928057555
0 0.41375 0.9406474820143885 0.0375 0.053956834532374105
0 0.46375 0.7949640287769785 0.0175 0.03597122302158273
0 0.47125 0.591726618705036 0.0275 0.03956834532374101
0 0.45625 0.5503597122302158 0.0275 0.02877697841726619
0 0.47875 0.07194244604316546 0.0125 0.02158273381294964
0 0.54625 0.03597122302158273 0.0125 0.02158273381294964
0 0.51125 0.08093525179856116 0.0125 0.01079136690647482
0 0.54125 0.10971223021582735 0.0175 0.025179856115107917
0 0.5750000000000001 0.06654676258992806 0.015 0.025179856115107917
0 0.49875 0.14388489208633093 0.0175 0.02877697841726619
0 0.535 0.20323741007194246 0.01 0.017985611510791366
0 0.50875 0.24280575539568347 0.0225 0.025179856115107917
0 0.5625 0.302158273381295 0.02 0.02877697841726619
0 0.4875 0.3669064748201439 0.02 0.03597122302158273
0 0.5575 0.3525179856115108 0.02 0.02877697841726619
0 0.5387500000000001 0.37949640287769787 0.0225 0.03956834532374101
0 0.4975 0.4586330935251799 0.02 0.03237410071942446
0 0.63 0.012589928057553958 0.015 0.017985611510791366
0 0.6425 0.09172661870503597 0.015 0.025179856115107917
0 0.6687500000000001 0.07194244604316546 0.0125 0.02158273381294964
0 0.6950000000000001 0.08992805755395684 0.01 0.02158273381294964
0 0.705 0.09532374100719425 0.015 0.025179856115107917
2 0.67875 0.14028776978417268 0.0125 0.02158273381294964
0 0.7375 0.11151079136690648 0.015 0.02877697841726619
2 0.74 0.14568345323741008 0.015 0.025179856115107917
0 0.71125 0.20683453237410074 0.0175 0.025179856115107917
2 0.64625 0.17266187050359713 0.0175 0.02158273381294964
1 0.625 0.1906474820143885 0.02 0.02877697841726619
0 0.6375000000000001 0.30035971223021585 0.02 0.025179856115107917
0 0.6062500000000001 0.39748201438848924 0.0225 0.03237410071942446
0 0.6725 0.38848920863309355 0.02 0.02877697841726619
0 0.59875 0.5269784172661871 0.0275 0.03237410071942446
0 0.6062500000000001 0.7643884892086331 0.0325 0.046762589928057555
0 0.55 0.8741007194244604 0.035 0.05035971223021583
0 0.64875 0.8327338129496403 0.0325 0.046762589928057555
0 0.76875 0.014388489208633094 0.0175 0.02158273381294964
0 0.8225 0.07913669064748202 0.015 0.02877697841726619
2 0.84125 0.09352517985611511 0.0125 0.02158273381294964
0 0.82375 0.14568345323741008 0.0125 0.025179856115107917
0 0.82875 0.17446043165467626 0.0175 0.025179856115107917
0 0.7775 0.24280575539568347 0.02 0.03237410071942446
0 0.82125 0.30935251798561153 0.0175 0.02877697841726619
0 0.69875 0.42805755395683454 0.0225 0.03597122302158273
0 0.73375 0.4046762589928058 0.0225 0.03237410071942446
0 0.72 0.46582733812949645 0.025 0.03237410071942446
0 0.72875 0.5413669064748202 0.0225 0.03956834532374101
0 0.70125 0.5575539568345323 0.0275 0.04316546762589928
0 0.76 0.9190647482014389 0.035 0.053956834532374105
0 0.905 0.9802158273381295 0.04 0.03956834532374101
0 0.96875 0.985611510791367 0.0375 0.02877697841726619
0 0.91125 0.8093525179856116 0.0325 0.04316546762589928
0 0.94375 0.7877697841726619 0.0275 0.05035971223021583
0 0.94625 0.6079136690647482 0.0275 0.04316546762589928
0 0.94625 0.5377697841726619 0.0275 0.03956834532374101
0 0.9975 0.4928057553956835 0.01 0.03597122302158273
0 0.9 0.4802158273381295 0.02 0.017985611510791366
0 0.91625 0.4388489208633094 0.0225 0.03597122302158273
0 0.88375 0.37769784172661874 0.0225 0.03597122302158273
0 0.9275 0.32374100719424465 0.02 0.03597122302158273
0 0.87375 0.32553956834532377 0.0225 0.03237410071942446
0 0.85375 0.28597122302158273 0.0175 0.03237410071942446
0 0.91125 0.27697841726618705 0.0125 0.02158273381294964
0 0.8575 0.22661870503597123 0.02 0.02877697841726619
0 0.8725 0.170863309352518 0.015 0.025179856115107917
0 0.96375 0.1852517985611511 0.0125 0.025179856115107917
0 0.985 0.10971223021582735 0.015 0.025179856115107917
0 0.8975 0.07553956834532374 0.015 0.02158273381294964
0 0.87125 0.04496402877697842 0.0125 0.025179856115107917
0 0.9325 0.05575539568345324 0.015 0.017985611510791366
2 0.96 0.03237410071942446 0.01 0.02158273381294964
2 0.99625 0.0737410071942446 0.0125 0.017985611510791366
