2 0.1275 0.21190476190476193 0.025 0.05238095238095239
2 0.26625 0.2690476190476191 0.0275 0.06190476190476191
2 0.49875 0.2023809523809524 0.0275 0.08095238095238096
2 0.59125 0.15476190476190477 0.0325 0.08095238095238096
2 0.6525 0.28571428571428575 0.045 0.08571428571428572
2 0.75125 0.2142857142857143 0.0275 0.04761904761904762
2 0.71625 0.22380952380952382 0.0225 0.04761904761904762
2 0.68125 0.23095238095238096 0.0275 0.06190476190476191
2 0.66 0.1761904761904762 0.025 0.04761904761904762
2 0.85875 0.18333333333333335 0.0325 0.07142857142857144
