1 0.076705 0.246606 0.039773 0.043741
1 0.142614 0.216440 0.037500 0.046757
1 0.082386 0.352941 0.039773 0.051282
1 0.146591 0.309201 0.043182 0.054299
1 0.101705 0.421569 0.042045 0.052790
1 0.069886 0.484917 0.044318 0.055807
1 0.137500 0.511312 0.034091 0.048265
1 0.142614 0.567119 0.042045 0.057315
1 0.198864 0.582202 0.038636 0.054299
1 0.218182 0.641026 0.045455 0.069382
1 0.194886 0.812971 0.051136 0.057315
1 0.228977 0.901961 0.048864 0.078431
1 0.318182 0.842383 0.050000 0.061840
1 0.424432 0.776018 0.048864 0.070890
1 0.346023 0.536953 0.044318 0.063348
1 0.344318 0.417798 0.040909 0.048265
1 0.248864 0.402715 0.050000 0.045249
1 0.296591 0.325038 0.029545 0.052790
1 0.271023 0.275264 0.039773 0.052790
1 0.288068 0.201357 0.039773 0.061840
1 0.388068 0.146305 0.042045 0.045249
1 0.455114 0.180241 0.035227 0.052790
1 0.487500 0.217949 0.043182 0.046757
1 0.527273 0.248869 0.027273 0.048265
1 0.543182 0.171946 0.031818 0.045249
1 0.606818 0.216440 0.043182 0.052790
1 0.597159 0.273756 0.046591 0.049774
1 0.575000 0.397436 0.045455 0.049774
1 0.543750 0.486425 0.051136 0.058824
1 0.455682 0.555053 0.050000 0.057315
1 0.772727 0.469080 0.040909 0.060332
1 0.730114 0.337858 0.046591 0.072398
1 0.855682 0.405732 0.038636 0.060332
1 0.928977 0.591252 0.053409 0.060332
1 0.766477 0.119155 0.039773 0.054299
1 0.707386 0.074661 0.037500 0.046757
1 0.835795 0.061086 0.042045 0.043741
1 0.739773 0.055807 0.043182 0.045249
1 0.892614 0.279035 0.039773 0.048265
