0 0.205489 0.561314 0.046446 0.048175
0 0.493666 0.381752 0.062632 0.074453
0 0.577058 0.325547 0.073188 0.087591
0 0.750880 0.233942 0.076003 0.100000
2 0.711471 0.255474 0.040816 0.058394
0 0.584096 0.182482 0.035186 0.051095
2 0.507389 0.268978 0.043631 0.062044
0 0.347994 0.433577 0.035890 0.051095
0 0.427868 0.390876 0.046446 0.038686
0 0.390570 0.383577 0.030964 0.035766
0 0.395496 0.336861 0.028149 0.027007
0 0.374736 0.404380 0.034483 0.039416
0 0.260380 0.518978 0.040816 0.049635
0 0.634764 0.255109 0.046446 0.069343
