0 0.67 0.6592465753424657 0.12 0.18835616438356162
0 0.80375 0.559931506849315 0.1325 0.1952054794520548
0 0.9425 0.4554794520547945 0.06 0.10273972602739725
0 0.82875 0.2585616438356164 0.0675 0.08561643835616438
0 0.93125 0.2226027397260274 0.0325 0.0684931506849315
0 0.6875 0.36472602739726023 0.08 0.11301369863013698
0 0.6325000000000001 0.19863013698630136 0.045 0.07534246575342465
0 0.56375 0.4520547945205479 0.0725 0.1095890410958904
0 0.36875 0.4571917808219178 0.0725 0.11986301369863013
0 0.51 0.36472602739726023 0.06 0.07876712328767123
0 0.2525 0.42123287671232873 0.06 0.07534246575342465
0 0.11875000000000001 0.5273972602739726 0.0725 0.11643835616438356
0 0.0525 0.3818493150684931 0.055 0.07876712328767123
0 0.24125 0.22431506849315067 0.0575 0.07191780821917808
0 0.35875 0.17123287671232876 0.0525 0.07534246575342465
0 0.48 0.2191780821917808 0.03 0.0547945205479452
0 0.5337500000000001 0.2568493150684931 0.0325 0.06164383561643835
0 0.14375000000000002 0.17465753424657532 0.0575 0.07534246575342465
