0 0.450644 0.518032 0.070100 0.062359
0 0.452790 0.344478 0.047210 0.063862
0 0.585479 0.293764 0.057940 0.063110
0 0.706366 0.115702 0.046495 0.060105
0 0.656652 0.141998 0.048641 0.048084
0 0.321173 0.488730 0.061516 0.060856
0 0.348712 0.447408 0.047926 0.044328
0 0.125179 0.632983 0.048641 0.062359
0 0.200286 0.605935 0.054363 0.062359
0 0.541488 0.319684 0.055794 0.054846
2 0.618026 0.193839 0.035765 0.042074
0 0.582976 0.219384 0.038627 0.055597
0 0.396280 0.401202 0.038627 0.043576
0 0.425250 0.365139 0.037911 0.054095
0 0.256438 0.491360 0.036481 0.043576
