0 0.0975 0.7522123893805309 0.17 0.3185840707964602
0 0.26375 0.6172566371681416 0.10250000000000001 0.1902654867256637
2 0.3025 0.3805309734513274 0.065 0.10619469026548672
0 0.41250000000000003 0.5154867256637168 0.085 0.14601769911504425
2 0.47750000000000004 0.3561946902654867 0.035 0.11946902654867256
0 0.54875 0.4247787610619469 0.1075 0.21238938053097345
0 0.645 0.4225663716814159 0.085 0.18141592920353983
2 0.675 0.13938053097345132 0.045 0.08407079646017698
0 0.86625 0.21460176991150443 0.0475 0.0752212389380531
0 0.92 0.1836283185840708 0.055 0.10176991150442477
0 0.74125 0.3163716814159292 0.0475 0.08407079646017698
0 0.7837500000000001 0.42035398230088494 0.0725 0.1415929203539823
0 0.96125 0.44026548672566373 0.0675 0.13716814159292035
0 0.755 0.911504424778761 0.135 0.16814159292035397
0 0.44375000000000003 0.10398230088495575 0.0325 0.05752212389380531
2 0.5975 0.13716814159292035 0.03 0.07079646017699115
2 0.77875 0.050884955752212385 0.0325 0.048672566371681415
