0 0.211799 0.280172 0.102515 0.092672
1 0.197776 0.552263 0.132495 0.143319
0 0.363636 0.511315 0.108317 0.126078
1 0.664410 0.532866 0.098646 0.121767
1 0.549807 0.403556 0.095745 0.100216
0 0.305126 0.100216 0.074468 0.081897
0 0.416828 0.161638 0.067698 0.084052
0 0.703578 0.344828 0.066731 0.079741
0 0.869923 0.472522 0.053191 0.074353
0 0.623791 0.397629 0.052224 0.058190
0 0.556093 0.278017 0.056093 0.053879
1 0.366538 0.110453 0.050290 0.063578
0 0.569632 0.642241 0.083172 0.084052
1 0.744681 0.636315 0.092843 0.100216
