1 0.160603 0.364991 0.147294 0.165736
1 0.312334 0.401304 0.095830 0.098696
1 0.444987 0.442737 0.093168 0.094041
1 0.569654 0.485102 0.124224 0.121043
1 0.630878 0.553073 0.094055 0.096834
1 0.549246 0.812384 0.140195 0.157356
1 0.723159 0.629423 0.069210 0.083799
1 0.894854 0.615456 0.059450 0.072626
1 0.839397 0.738827 0.065661 0.090317
0 0.411713 0.323091 0.069210 0.074488
0 0.739574 0.453911 0.043478 0.056797
1 0.838953 0.595903 0.047028 0.063315
1 0.598935 0.299814 0.035492 0.040968
0 0.835847 0.484171 0.035492 0.048417
0 0.908607 0.557728 0.044366 0.040968
