0 0.0425 0.8816326530612246 0.065 0.1142857142857143
0 0.1275 0.7857142857142858 0.065 0.11020408163265308
1 0.16875 0.7163265306122449 0.0525 0.09387755102040818
2 0.09625 0.4795918367346939 0.0425 0.06938775510204082
0 0.085 0.35510204081632657 0.04 0.08979591836734695
0 0.0275 0.32244897959183677 0.035 0.07346938775510205
2 0.0825 0.0489795918367347 0.05 0.0816326530612245
0 0.29875 0.07755102040816328 0.0525 0.0816326530612245
0 0.26 0.27142857142857146 0.055 0.06938775510204082
0 0.265 0.4979591836734694 0.045 0.08979591836734695
0 0.375 0.9265306122448981 0.07 0.10612244897959185
0 0.51875 0.7469387755102042 0.0625 0.0816326530612245
0 0.56625 0.826530612244898 0.0725 0.10204081632653061
0 0.49875 0.43061224489795924 0.0575 0.09387755102040818
0 0.48375 0.2795918367346939 0.0625 0.08571428571428572
0 0.49125 0.1510204081632653 0.0575 0.07346938775510205
0 0.64125 0.4938775510204082 0.0475 0.0816326530612245
0 0.66125 0.27346938775510204 0.0525 0.08979591836734695
0 0.74625 0.27142857142857146 0.0575 0.09387755102040818
0 0.9325 0.6448979591836735 0.07 0.07346938775510205
0 0.8925000000000001 0.34693877551020413 0.06 0.0816326530612245
0 0.8225 0.20408163265306123 0.045 0.07346938775510205
0 0.8200000000000001 0.09183673469387756 0.045 0.06122448979591837
