0 0.11 0.5898058252427184 0.08 0.17961165048543687
0 0.07 0.27184466019417475 0.065 0.14563106796116504
0 0.13875 0.12378640776699028 0.0575 0.15048543689320387
0 0.2275 0.5169902912621359 0.065 0.1699029126213592
0 0.1675 0.41262135922330095 0.055 0.13592233009708737
0 0.335 0.5995145631067961 0.06 0.19902912621359223
0 0.275 0.9393203883495145 0.095 0.12135922330097086
0 0.43 0.9029126213592232 0.11 0.19417475728155337
0 0.4225 0.36407766990291257 0.07 0.17475728155339804
0 0.34375 0.24757281553398056 0.0625 0.14563106796116504
0 0.5475 0.3834951456310679 0.06 0.14563106796116504
0 0.58125 0.7888349514563107 0.0825 0.16019417475728154
0 0.63125 0.5898058252427184 0.0625 0.17961165048543687
0 0.6075 0.33009708737864074 0.065 0.16504854368932037
0 0.665 0.13106796116504854 0.055 0.13592233009708737
2 0.5387500000000001 0.09708737864077668 0.0475 0.09708737864077668
0 0.76875 0.4223300970873786 0.0575 0.14563106796116504
0 0.81 0.6844660194174756 0.09 0.20388349514563106
0 0.8612500000000001 0.6553398058252426 0.0575 0.1553398058252427
0 0.9675 0.4611650485436893 0.07 0.1844660194174757
0 0.92875 0.20631067961165048 0.0625 0.15048543689320387
0 0.94625 0.06067961165048543 0.0525 0.09223300970873785
0 0.8512500000000001 0.366504854368932 0.0675 0.1407766990291262
0 0.9762500000000001 0.8932038834951456 0.0475 0.21359223300970873
