0 0.035 0.18009478672985785 0.025 0.06635071090047394
0 0.085 0.1137440758293839 0.025 0.05687203791469195
0 0.11875000000000001 0.2085308056872038 0.0275 0.05687203791469195
0 0.20500000000000002 0.18720379146919433 0.035 0.07109004739336494
0 0.26875 0.2180094786729858 0.0525 0.08530805687203792
0 0.3125 0.12322274881516589 0.03 0.07582938388625593
0 0.3675 0.12322274881516589 0.025 0.05687203791469195
0 0.525 0.2109004739336493 0.04 0.09004739336492892
0 0.60375 0.18009478672985785 0.0375 0.09478672985781991
0 0.7175 0.18009478672985785 0.055 0.1137440758293839
0 0.80625 0.1966824644549763 0.0475 0.0995260663507109
0 0.89625 0.16113744075829384 0.0375 0.06635071090047394
2 0.91 0.45971563981042657 0.03 0.07582938388625593
