0 0.34875 0.22 0.1075 0.16666666666666669
0 0.49875 0.2866666666666667 0.0425 0.06666666666666667
0 0.47125 0.4683333333333334 0.0725 0.10333333333333335
0 0.5575 0.45833333333333337 0.07 0.09000000000000001
0 0.5337500000000001 0.6616666666666667 0.0975 0.11666666666666667
1 0.7675000000000001 0.5383333333333333 0.1 0.11666666666666667
2 0.58 0.3066666666666667 0.03 0.04
2 0.40875 0.31 0.0425 0.06666666666666667
2 0.10125 0.24333333333333335 0.0425 0.10666666666666667
2 0.9812500000000001 0.2833333333333333 0.0375 0.05333333333333334
