0 0.085 0.2653061224489796 0.045 0.08979591836734695
0 0.1675 0.3163265306122449 0.045 0.08571428571428572
0 0.355 0.30000000000000004 0.05 0.09387755102040818
0 0.3025 0.23673469387755103 0.03 0.05714285714285715
0 0.37125 0.23469387755102042 0.0275 0.04489795918367347
0 0.40750000000000003 0.28163265306122454 0.045 0.0653061224489796
0 0.43375 0.25306122448979596 0.0175 0.05714285714285715
0 0.45625 0.4755102040816327 0.0475 0.08571428571428572
0 0.48 0.27346938775510204 0.03 0.05714285714285715
0 0.5275 0.2693877551020408 0.03 0.0653061224489796
0 0.56125 0.2795918367346939 0.0425 0.07755102040816328
0 0.615 0.30612244897959184 0.04 0.07346938775510205
0 0.65375 0.3346938775510204 0.0475 0.08979591836734695
0 0.715 0.35510204081632657 0.055 0.0979591836734694
0 0.72 0.2142857142857143 0.03 0.06938775510204082
0 0.76875 0.2612244897959184 0.0425 0.07346938775510205
2 0.81 0.2612244897959184 0.04 0.05714285714285715
0 0.88375 0.23877551020408166 0.0425 0.06938775510204082
0 0.93875 0.2571428571428572 0.0475 0.0816326530612245
0 0.84125 0.25510204081632654 0.0225 0.04489795918367347
