0 0.2675 0.1085972850678733 0.025 0.06334841628959277
0 0.23750000000000002 0.15158371040723984 0.04 0.06787330316742082
0 0.165 0.6357466063348417 0.08 0.14027149321266968
0 0.33875 0.5248868778280543 0.0625 0.12669683257918554
0 0.42 0.3144796380090498 0.055 0.11312217194570137
0 0.4025 0.03619909502262444 0.02 0.03619909502262444
0 0.45875 0.05429864253393665 0.0175 0.04524886877828055
0 0.5575 0.08371040723981901 0.03 0.0497737556561086
0 0.5437500000000001 0.2533936651583711 0.0525 0.1085972850678733
0 0.57125 0.42760180995475117 0.0625 0.12217194570135748
0 0.65375 0.24886877828054302 0.0575 0.1085972850678733
2 0.75 0.12895927601809956 0.03 0.05882352941176471
0 0.8125 0.16063348416289594 0.035 0.07692307692307693
0 0.7887500000000001 0.0497737556561086 0.0275 0.05429864253393665
0 0.8525 0.04298642533936652 0.035 0.05882352941176471
0 0.90125 0.06787330316742082 0.0325 0.04524886877828055
